0 0.642727 0.756250 0.176364 0.230000
0 0.418182 0.695000 0.154545 0.250000
0 0.117273 0.721875 0.127273 0.231250
0 0.168636 0.465000 0.128182 0.155000
0 0.620000 0.471250 0.130909 0.165000
0 0.863182 0.585000 0.180909 0.212500
0 0.239545 0.247500 0.071818 0.092500
0 0.383182 0.216875 0.079091 0.088750
0 0.600455 0.197500 0.066364 0.072500
0 0.447727 0.156875 0.051818 0.056250
0 0.354091 0.126875 0.050000 0.058750
0 0.533182 0.111875 0.046364 0.058750
0 0.448636 0.115625 0.046364 0.038750
0 0.321364 0.058125 0.040909 0.041250
0 0.345000 0.033125 0.028182 0.028750
0 0.380909 0.078750 0.036364 0.040000
0 0.389545 0.053750 0.026364 0.020000
0 0.392273 0.024375 0.024545 0.026250
0 0.500000 0.076250 0.032727 0.032500
0 0.478636 0.046250 0.026364 0.025000
